48
60 120 90 150
60 210 90 240
60 180 90 210
60 150 90 180
60 90 90 120
60 240 90 270
60 270 90 300
60 300 90 330
60 330 90 360
60 420 90 450
60 450 90 480
60 390 90 420
60 360 90 390
60 480 90 510
60 510 90 540
60 540 90 570
60 570 90 600
60 660 90 690
60 600 90 630
60 690 90 720
60 630 90 660
0 0 0 0
0 0 0 0
0 0 0 0
60 120 90 150
60 210 90 240
60 180 90 210
60 150 90 180
60 90 90 120
60 240 90 270
60 270 90 300
60 300 90 330
60 330 90 360
60 420 90 450
60 450 90 480
60 390 90 420
60 360 90 390
60 480 90 510
60 510 90 540
60 540 90 570
60 570 90 600
60 660 90 690
60 600 90 630
60 690 90 720
60 630 90 660
0 0 0 0
0 0 0 0
0 0 0 0
