892
870 870 900 900
900 840 930 870
930 810 960 840
930 780 960 810
930 750 960 780
960 720 990 750
990 720 1020 750
1020 690 1050 720
1050 660 1080 690
1080 660 1110 690
1110 660 1140 690
1140 630 1170 660
1170 630 1200 660
1170 600 1200 630
1200 570 1230 600
1230 540 1260 570
1230 510 1260 540
1200 480 1230 510
1200 420 1230 450
1200 390 1230 420
1170 390 1200 420
1140 390 1170 420
1110 390 1140 420
1080 420 1110 450
1080 450 1110 480
1110 480 1140 510
1110 510 1140 540
1110 540 1140 570
1080 540 1110 570
1050 570 1080 600
1020 540 1050 570
990 540 1020 570
990 570 1020 600
990 600 1020 630
960 600 990 630
930 630 960 660
900 660 930 690
870 690 900 720
840 690 870 720
810 690 840 720
780 690 810 720
750 690 780 720
720 690 750 720
720 660 750 690
690 630 720 660
720 600 750 630
750 570 780 600
780 540 810 570
780 510 810 540
750 510 780 540
720 510 750 540
690 510 720 540
660 510 690 540
630 510 660 540
630 540 660 570
630 570 660 600
480 510 510 540
480 540 510 570
480 570 510 600
450 570 480 600
420 600 450 630
390 630 420 660
360 630 390 660
330 630 360 660
300 630 330 660
270 630 300 660
270 600 300 630
240 600 270 630
210 570 240 600
210 540 240 570
180 540 210 570
150 570 180 600
150 600 180 630
180 630 210 660
210 660 240 690
210 690 240 720
240 690 270 720
270 720 300 750
300 720 330 750
330 750 360 780
360 780 390 810
360 810 390 840
360 840 390 870
360 870 390 900
360 900 390 930
300 960 330 990
330 990 360 1020
360 990 390 1020
360 960 390 990
360 930 390 960
270 990 300 1020
240 990 270 1020
240 1020 270 1050
210 1020 240 1050
210 1050 240 1080
210 1110 240 1140
210 1170 240 1200
210 1140 240 1170
210 1080 240 1110
210 1200 240 1230
210 1230 240 1260
270 1230 300 1260
240 1230 270 1260
360 1230 390 1260
300 1200 330 1230
330 1200 360 1230
390 1230 420 1260
420 1260 450 1290
450 1290 480 1320
450 1320 480 1350
450 1350 480 1380
420 1350 450 1380
390 1350 420 1380
360 1350 390 1380
330 1380 360 1410
360 1410 390 1440
360 1440 390 1470
330 1440 360 1470
300 1440 330 1470
270 1440 300 1470
240 1440 270 1470
210 1470 240 1500
210 1500 240 1530
180 1530 210 1560
180 1560 210 1590
180 1590 210 1620
210 1530 240 1560
210 1620 240 1650
240 1650 270 1680
270 1680 300 1710
300 1710 330 1740
330 1740 360 1770
390 1740 420 1770
390 1710 420 1740
360 1710 390 1740
390 1770 420 1800
420 1770 450 1800
450 1770 480 1800
480 1770 510 1800
510 1740 540 1770
870 870 900 900
900 840 930 870
930 810 960 840
930 780 960 810
930 750 960 780
960 720 990 750
990 720 1020 750
1020 690 1050 720
1050 660 1080 690
1080 660 1110 690
1110 660 1140 690
1140 630 1170 660
1170 630 1200 660
1170 600 1200 630
1200 570 1230 600
1230 540 1260 570
1230 510 1260 540
1200 480 1230 510
1200 420 1230 450
1200 390 1230 420
1170 390 1200 420
1140 390 1170 420
1110 390 1140 420
1080 420 1110 450
1080 450 1110 480
1110 480 1140 510
1110 510 1140 540
1110 540 1140 570
1080 540 1110 570
1050 570 1080 600
1020 540 1050 570
990 540 1020 570
990 570 1020 600
990 600 1020 630
960 600 990 630
930 630 960 660
900 660 930 690
870 690 900 720
840 690 870 720
810 690 840 720
780 690 810 720
750 690 780 720
720 690 750 720
720 660 750 690
690 630 720 660
720 600 750 630
750 570 780 600
780 540 810 570
780 510 810 540
750 510 780 540
720 510 750 540
690 510 720 540
660 510 690 540
630 510 660 540
630 540 660 570
630 570 660 600
480 510 510 540
480 540 510 570
480 570 510 600
450 570 480 600
420 600 450 630
390 630 420 660
360 630 390 660
330 630 360 660
300 630 330 660
270 630 300 660
270 600 300 630
240 600 270 630
210 570 240 600
210 540 240 570
180 540 210 570
150 570 180 600
150 600 180 630
180 630 210 660
210 660 240 690
210 690 240 720
240 690 270 720
270 720 300 750
300 720 330 750
330 750 360 780
360 780 390 810
360 810 390 840
360 840 390 870
360 870 390 900
360 900 390 930
300 960 330 990
330 990 360 1020
360 990 390 1020
360 960 390 990
360 930 390 960
270 990 300 1020
240 990 270 1020
240 1020 270 1050
210 1020 240 1050
210 1050 240 1080
210 1110 240 1140
210 1170 240 1200
210 1140 240 1170
210 1080 240 1110
210 1200 240 1230
210 1230 240 1260
270 1230 300 1260
240 1230 270 1260
360 1230 390 1260
300 1200 330 1230
330 1200 360 1230
390 1230 420 1260
420 1260 450 1290
450 1290 480 1320
450 1320 480 1350
450 1350 480 1380
420 1350 450 1380
390 1350 420 1380
360 1350 390 1380
330 1380 360 1410
360 1410 390 1440
360 1440 390 1470
330 1440 360 1470
300 1440 330 1470
270 1440 300 1470
240 1440 270 1470
210 1470 240 1500
210 1500 240 1530
180 1530 210 1560
180 1560 210 1590
180 1590 210 1620
210 1530 240 1560
210 1620 240 1650
240 1650 270 1680
270 1680 300 1710
300 1710 330 1740
330 1740 360 1770
390 1740 420 1770
390 1710 420 1740
360 1710 390 1740
390 1770 420 1800
420 1770 450 1800
450 1770 480 1800
480 1770 510 1800
510 1740 540 1770
480 480 510 510
480 450 510 480
450 420 480 450
450 390 480 420
480 360 510 390
510 330 540 360
540 300 570 330
570 300 600 330
600 270 630 300
630 270 660 300
660 270 690 300
690 270 720 300
720 270 750 300
780 240 810 270
810 240 840 270
750 270 780 300
840 240 870 270
870 240 900 270
900 210 930 240
930 210 960 240
990 210 1020 240
1020 210 1050 240
1050 210 1080 240
1080 210 1110 240
960 210 990 240
1080 180 1110 210
1110 180 1140 210
1140 180 1170 210
1170 180 1200 210
1200 180 1230 210
1230 180 1260 210
1260 180 1290 210
1290 180 1320 210
1320 180 1350 210
1350 180 1380 210
1380 180 1410 210
1410 180 1440 210
1440 180 1470 210
1470 180 1500 210
1500 180 1530 210
1530 180 1560 210
1560 180 1590 210
1560 210 1590 240
1530 240 1560 270
1500 270 1530 300
1500 300 1530 330
1530 300 1560 330
1560 330 1590 360
1590 360 1620 390
1590 390 1620 420
1560 420 1590 450
1530 450 1560 480
1500 450 1530 480
1470 450 1500 480
1440 450 1470 480
1410 420 1440 450
1380 390 1410 420
1350 360 1380 390
1320 360 1350 390
1290 360 1320 390
1260 360 1290 390
1230 360 1260 390
1200 360 1230 390
1170 360 1200 390
900 870 930 900
930 870 960 900
960 870 990 900
1020 810 1050 840
1050 810 1080 840
1080 810 1110 840
1110 780 1140 810
1140 750 1170 780
1170 720 1200 750
1200 720 1230 750
1230 720 1260 750
1260 750 1290 780
1380 870 1410 900
1410 900 1440 930
1440 900 1470 930
1470 930 1500 960
1470 960 1500 990
1500 990 1530 1020
1500 1020 1530 1050
1470 1050 1500 1080
1470 1080 1500 1110
1500 1110 1530 1140
1470 1140 1500 1170
1440 1170 1470 1200
1470 1200 1500 1230
1500 1230 1530 1260
1530 1230 1560 1260
1590 1230 1620 1260
1560 1230 1590 1260
1620 1230 1650 1260
1650 1230 1680 1260
1680 1200 1710 1230
1740 1200 1770 1230
1710 1200 1740 1230
1770 1200 1800 1230
1800 1200 1830 1230
1830 1230 1860 1260
1860 1290 1890 1320
1860 1260 1890 1290
1860 1320 1890 1350
1860 1350 1890 1380
1860 1380 1890 1410
1890 1410 1920 1440
1920 1440 1950 1470
1950 1470 1980 1500
1980 1470 2010 1500
2010 1500 2040 1530
2010 1530 2040 1560
2040 1560 2070 1590
2040 1590 2070 1620
2040 1620 2070 1650
2010 1650 2040 1680
1980 1650 2010 1680
1950 1650 1980 1680
1920 1650 1950 1680
1890 1680 1920 1710
1890 1710 1920 1740
1920 1710 1950 1740
1950 1740 1980 1770
1980 1740 2010 1770
2010 1740 2040 1770
2040 1770 2070 1800
2040 1800 2070 1830
2010 1830 2040 1860
2010 1860 2040 1890
2040 1890 2070 1920
2040 1920 2070 1950
2010 1950 2040 1980
1980 1950 2010 1980
1950 1950 1980 1980
1920 1950 1950 1980
1890 1980 1920 2010
1830 2010 1860 2040
1860 2010 1890 2040
1800 2010 1830 2040
1770 2010 1800 2040
1740 2010 1770 2040
1680 2010 1710 2040
1650 2010 1680 2040
1710 2010 1740 2040
1620 2010 1650 2040
1590 1980 1620 2010
1560 1980 1590 2010
1530 1950 1560 1980
1500 1920 1530 1950
1470 1920 1500 1950
1440 1890 1470 1920
1440 1860 1470 1890
1410 1830 1440 1860
1410 1800 1440 1830
1440 1800 1470 1830
1470 1800 1500 1830
1500 1800 1530 1830
1530 1830 1560 1860
1530 1800 1560 1830
1560 1680 1590 1710
1590 1710 1620 1740
1560 1650 1590 1680
1590 1650 1620 1680
1590 1620 1620 1650
1590 1590 1620 1620
1530 1680 1560 1710
1500 1680 1530 1710
1470 1650 1500 1680
1440 1650 1470 1680
1410 1650 1440 1680
1380 1650 1410 1680
1320 1620 1350 1650
1290 1620 1320 1650
1350 1650 1380 1680
1230 1740 1260 1770
1260 1740 1290 1770
1290 1770 1320 1800
1320 1770 1350 1800
1350 1770 1380 1800
1380 1800 1410 1830
1200 1740 1230 1770
1170 1740 1200 1770
1140 1740 1170 1770
1110 1740 1140 1770
1080 1740 1110 1770
1050 1740 1080 1770
1020 1740 1050 1770
990 1740 1020 1770
960 1770 990 1800
930 1770 960 1800
900 1800 930 1830
900 1830 930 1860
930 1830 960 1860
960 1830 990 1860
990 1830 1020 1860
1020 1860 1050 1890
1050 1860 1080 1890
1110 1860 1140 1890
1080 1860 1110 1890
1140 1860 1170 1890
1170 1860 1200 1890
1200 1860 1230 1890
1200 1830 1230 1860
1230 1830 1260 1860
1260 1830 1290 1860
1290 1890 1320 1920
1290 1860 1320 1890
1260 1920 1290 1950
1230 1920 1260 1950
1200 1950 1230 1980
1170 1950 1200 1980
1110 1980 1140 2010
1140 1980 1170 2010
1080 1950 1110 1980
1020 1950 1050 1980
1050 1950 1080 1980
990 1950 1020 1980
960 1950 990 1980
930 1950 960 1980
900 1950 930 1980
870 1950 900 1980
840 1950 870 1980
810 1950 840 1980
780 1950 810 1980
750 1950 780 1980
720 1950 750 1980
690 1950 720 1980
660 1950 690 1980
630 1950 660 1980
600 1920 630 1950
570 1920 600 1950
540 1890 570 1920
510 1890 540 1920
480 1890 510 1920
450 1890 480 1920
450 1860 480 1890
420 1860 450 1890
420 1830 450 1860
480 1800 510 1830
450 1800 480 1830
510 1800 540 1830
540 1800 570 1830
570 1800 600 1830
600 1800 630 1830
630 1800 660 1830
660 1770 690 1800
660 1740 690 1770
660 1710 690 1740
720 1590 750 1620
780 1590 810 1620
810 1590 840 1620
840 1590 870 1620
840 1560 870 1590
840 1530 870 1560
810 1530 840 1560
870 1500 900 1530
900 1530 930 1560
930 1560 960 1590
960 1560 990 1590
990 1560 1020 1590
1020 1560 1050 1590
1050 1530 1080 1560
1080 1500 1110 1530
1110 1470 1140 1500
1110 1440 1140 1470
1140 1410 1170 1440
1170 1410 1200 1440
1170 1440 1200 1470
1200 1470 1230 1500
1230 1500 1260 1530
1260 1530 1290 1560
1290 1530 1320 1560
1320 1590 1350 1620
1290 1560 1320 1590
1290 1590 1320 1620
1260 1590 1290 1620
1230 1590 1260 1620
1170 1710 1200 1740
1200 1710 1230 1740
1230 1710 1260 1740
1260 1710 1290 1740
660 1680 690 1710
630 1650 660 1680
690 1710 720 1740
750 1620 780 1650
780 1620 810 1650
690 1560 720 1590
660 1560 690 1590
630 1530 660 1560
600 1530 630 1560
570 1500 600 1530
600 1470 630 1500
630 1470 660 1500
660 1440 690 1470
660 1410 690 1440
690 1380 720 1410
720 1350 750 1380
750 1320 780 1350
780 1320 810 1350
810 1320 840 1350
840 1350 870 1380
870 1320 900 1350
900 1290 930 1320
930 1260 960 1290
930 1230 960 1260
900 1200 930 1230
960 1140 990 1170
930 1170 960 1200
960 1110 990 1140
930 1080 960 1110
900 1050 930 1080
870 1020 900 1050
840 990 870 1020
870 990 900 1020
900 990 930 1020
930 990 960 1020
960 990 990 1020
990 990 1020 1020
1020 990 1050 1020
540 1710 570 1740
570 1680 600 1710
600 1650 630 1680
1590 1560 1620 1590
1560 1530 1590 1560
1530 1500 1560 1530
1500 1470 1530 1500
1470 1470 1500 1500
1440 1470 1470 1500
1410 1470 1440 1500
1290 1350 1320 1380
1290 1380 1320 1410
1320 1410 1350 1440
1350 1440 1380 1470
1380 1470 1410 1500
1290 1320 1320 1350
1290 1290 1320 1320
1290 1260 1320 1290
1260 1260 1290 1290
1260 1230 1290 1260
1200 1200 1230 1230
1230 1230 1260 1260
1170 1170 1200 1200
1140 1140 1170 1170
1110 1110 1140 1140
1080 1080 1110 1110
1080 1050 1110 1080
1080 1020 1110 1050
1050 1020 1080 1050
1200 450 1230 480
0 0 0 0
0 0 0 0
1260 780 1290 810
1260 810 1290 840
1290 780 1320 810
1320 750 1350 780
1290 720 1320 750
1260 690 1290 720
1260 660 1290 690
1290 630 1320 660
1320 630 1350 660
1350 630 1380 660
1380 630 1410 660
1410 630 1440 660
1440 630 1470 660
1440 600 1470 630
1410 600 1440 630
1380 600 1410 630
1350 570 1380 600
1320 540 1350 570
1320 510 1350 540
1290 480 1320 510
1290 450 1320 480
1320 420 1350 450
1320 390 1350 420
1350 390 1380 420
1410 450 1440 480
1410 480 1440 510
1440 510 1470 540
1470 540 1500 570
1500 510 1530 540
1530 510 1560 540
1560 480 1590 510
1560 450 1590 480
1500 540 1530 570
1590 510 1620 540
1590 540 1620 570
1590 570 1620 600
1620 600 1650 630
1650 600 1680 630
1680 600 1710 630
1710 570 1740 600
1740 570 1770 600
1710 600 1740 630
1770 540 1800 570
1800 510 1830 540
1830 510 1860 540
1860 510 1890 540
1860 480 1890 510
1860 450 1890 480
1980 450 2010 480
1980 480 2010 510
1980 510 2010 540
1380 840 1410 870
1350 870 1380 900
1410 840 1440 870
1410 870 1440 900
1440 870 1470 900
1470 870 1500 900
1470 900 1500 930
1410 810 1440 840
1020 870 1050 900
990 870 1020 900
1020 840 1050 870
2010 510 2040 540
2040 510 2070 540
1830 450 1860 480
1800 450 1830 480
1770 450 1800 480
1740 450 1770 480
1710 420 1740 450
1680 390 1710 420
1650 360 1680 390
1650 330 1680 360
1620 300 1650 330
1620 270 1650 300
1650 210 1680 240
1620 240 1650 270
1680 180 1710 210
1710 180 1740 210
1740 180 1770 210
1770 180 1800 210
1800 180 1830 210
1800 210 1830 240
1830 180 1860 210
1860 180 1890 210
1890 180 1920 210
1890 210 1920 240
1920 210 1950 240
1950 210 1980 240
1980 210 2010 240
2010 210 2040 240
2040 210 2070 240
2070 210 2100 240
2130 210 2160 240
2100 180 2130 210
2160 240 2190 270
2190 270 2220 300
2220 300 2250 330
2190 300 2220 330
2160 330 2190 360
2160 360 2190 390
2190 360 2220 390
2220 360 2250 390
2250 360 2280 390
2250 390 2280 420
2220 420 2250 450
2190 420 2220 450
2160 450 2190 480
2130 450 2160 480
2100 450 2130 480
2040 450 2070 480
2010 450 2040 480
2070 450 2100 480
2070 510 2100 540
2130 510 2160 540
2100 510 2130 540
2160 540 2190 570
2130 570 2160 600
2100 600 2130 630
2130 540 2160 570
2070 600 2100 630
2040 630 2070 660
2010 630 2040 660
1980 660 2010 690
1920 660 1950 690
1950 660 1980 690
1890 690 1920 720
1860 720 1890 750
1830 750 1860 780
1800 750 1830 780
1800 780 1830 810
1770 780 1800 810
1770 810 1800 840
1770 840 1800 870
1770 870 1800 900
1800 900 1830 930
1830 900 1860 930
1830 930 1860 960
1860 960 1890 990
1890 960 1920 990
1890 990 1920 1020
1920 990 1950 1020
1950 990 1980 1020
1980 960 2010 990
2010 930 2040 960
2040 900 2070 930
2070 870 2100 900
2100 840 2130 870
2130 810 2160 840
2130 780 2160 810
2130 750 2160 780
2160 750 2190 780
2190 720 2220 750
2220 720 2250 750
2250 720 2280 750
2280 720 2310 750
2310 720 2340 750
2280 690 2310 720
2250 690 2280 720
2250 660 2280 690
2280 630 2310 660
2310 630 2340 660
2370 630 2400 660
2340 630 2370 660
2430 660 2460 690
2400 660 2430 690
2460 660 2490 690
2490 660 2520 690
2520 690 2550 720
2550 720 2580 750
2580 750 2610 780
2580 780 2610 810
2550 870 2580 900
2580 810 2610 840
2580 840 2610 870
2520 900 2550 930
2490 930 2520 960
2460 960 2490 990
2430 960 2460 990
2400 960 2430 990
2370 990 2400 1020
2340 990 2370 1020
2310 990 2340 1020
2280 990 2310 1020
2280 1020 2310 1050
2250 1020 2280 1050
2220 1020 2250 1050
2190 1020 2220 1050
2160 1020 2190 1050
2160 1050 2190 1080
2190 1080 2220 1110
2220 1110 2250 1140
1500 960 1530 990
1530 990 1560 1020
1560 1020 1590 1050
1590 1050 1620 1080
1620 1080 1650 1110
1650 1080 1680 1110
1680 1080 1710 1110
1710 1080 1740 1110
1740 1080 1770 1110
1830 1110 1860 1140
1770 1080 1800 1110
1800 1110 1830 1140
1860 1110 1890 1140
1890 1110 1920 1140
1920 1110 1950 1140
1950 1140 1980 1170
1980 1140 2010 1170
2010 1140 2040 1170
2040 1140 2070 1170
2070 1170 2100 1200
2100 1200 2130 1230
2130 1230 2160 1260
2160 1260 2190 1290
2160 1290 2190 1320
2190 1350 2220 1380
2160 1320 2190 1350
2190 1380 2220 1410
2190 1410 2220 1440
2190 1440 2220 1470
2220 1440 2250 1470
2250 1470 2280 1500
2280 1470 2310 1500
2310 1500 2340 1530
2340 1500 2370 1530
2370 1500 2400 1530
2400 1530 2430 1560
2430 1530 2460 1560
2490 1530 2520 1560
2460 1530 2490 1560
2520 1530 2550 1560
2550 1530 2580 1560
2580 1530 2610 1560
2610 1530 2640 1560
2640 1500 2670 1530
2670 1500 2700 1530
2700 1440 2730 1470
2700 1410 2730 1440
2700 1470 2730 1500
2640 1350 2670 1380
2670 1380 2700 1410
2610 1320 2640 1350
2580 1290 2610 1320
2550 1260 2580 1290
2550 1230 2580 1260
2580 1200 2610 1230
2580 1170 2610 1200
2580 1140 2610 1170
2580 1110 2610 1140
2550 1080 2580 1110
2220 1080 2250 1110
2250 1050 2280 1080
2280 1050 2310 1080
2310 1050 2340 1080
2340 1050 2370 1080
2370 1080 2400 1110
2400 1110 2430 1140
2430 1110 2460 1140
2460 1110 2490 1140
2490 1110 2520 1140
2520 1080 2550 1110
